2004,01,5,1038 33130,M,01  11,M,16, 0,2,,,,,,C439
2004,01,5,1049 35150,M,01  11,D,10, 0,2,,,,,,Y12 
2004,01,6,1054 36160,M,01  11,S,10, 0,2,,,,,,R090
2004,01,5,1054 36160,M,01  11,M,06, 0,2,,,,,,I429
2004,01,5,1061 38180,M,02  32,M,12, 0,1,,,,,,I251
2004,01,6,1064 38180,M,01  11,M,16, 0,1,,,,,,I219
2004,01,1,1065 39190,F,01  11,M,17, 0,2,,,,,,A419
2004,01,5,1066 39190,M,01  11,M,05, 0,1,,,,,,I500
2004,01,1,1072 40200,M,01  11,W,12, 0,2,,,,,,A419
2004,01,6,1072 40200,F,01  11,M,16, 0,3,,,,,,I080
2004,01,7,1073 40200,F,01  11,M,17, 0,1,,,,,,E86 
2004,01,7,1073 40200,F,01  11,S,16, 0,1,,,,,,N390
2004,01,6,1074 40200,M,68  24,W,12, 0,1,,,,,,I864
2004,01,6,1076 41211,M,01  11,M,16, 0,2,,,,,,I259
2004,01,5,1078 41211,M,01  11,S,12, 0,2,,,,,,I272
2004,01,1,1080 42221,M,01  11,W,12, 0,2,,,,,,K562
2004,01,6,1080 42221,M,01  11,W,05, 0,1,,,,,,J448
2004,01,6,1080 42221,M,01  11,W,12, 0,2,,,,,,K922
2004,01,5,1082 42221,F,02  32,S,17, 0,1,,,,,,I509
2004,01,7,1083 42221,M,01  11,W,10, 0,1,,,,,,E149
2004,01,6,1083 42221,M,01  11,M,12, 0,2,,,,,,J449
2004,01,5,1089 43231,F,01  11,W,12, 0,1,,,,,,C509
2004,01,1,1088 43231,F,01  11,S,14, 0,1,,,,,,F03 
2004,01,7,1089 43231,F,01  11,W,08, 0,2,,,,,,I64 
2004,01,5,1092 44241,M,01  11,S,11, 0,1,,,,,,I251
2004,01,1,1096 45251,F,01  11,W,12, 0,1,,,,,,J100
2004,01,1,1097 45251,F,01  11,W,16, 0,1,,,,,,G309
2004,01,7,1098 45251,F,01  11,W,17, 0,1,,,,,,I64 
2004,01,6,1101 46261,F,01  11,W,12, 0,1,,,,,,F03 
2004,01,5,1078 41211,F,01  11,W,14, 0,2,,,,,,I610
2004,01,5,1078 41211,M,01  11,M,12, 0,1,,,,,,C61 
2004,01,6,1082 42221,M,01  11,W,16, 0,2,,,,,,E149
2004,01,6,1085 43231,F,01  11,W,12, 0,1,,,,,,J690
2004,01,5,1089 43231,F,01  11,S,16, 0,2,,,,,,I10 
2004,01,5,1033 32120,M,01  11,S,12, 0,1,,,,,,G710
2004,01,1,1056 37170,M,01  11,D,16, 0,2,,,,,,V092
2004,01,5,1056 37170,F,01  11,S,16, 0,1,,,,,,I620
2004,01,6,1057 37170,M,01  11,M,12, 0,1,,,,,,I219
2004,01,6,1060 38180,F,01  11,M,16, 0,3,,,,,,V892
2004,01,6,1075 41211,M,01  11,M,12, 0,2,,,,,,I251
2004,01,5,1077 41211,F,02  32,W,12, 0,1,,,,,,J449
2004,01,7,1078 41211,F,01  11,D,12, 0,1,,,,,,C259
2004,01,7,1080 42221,M,01  11,M,17, 0,2,,,,,,J841
2004,01,7,1081 42221,M,01  11,M,12, 0,2,,,,,,C449
2004,01,2,1081 42221,F,01  11,M,12, 0,2,,,,,,I251
2004,01,6,1083 42221,F,01  11,W,12, 0,2,,,,,,V892
2004,01,6,1083 42221,M,01  11,W,12, 0,2,,,,,,I48 
2004,01,5,1084 42221,F,01  11,W,12, 0,2,,,,,,J449
2004,01,1,1087 43231,M,01  11,M,12, 0,1,,,,,,C109
2004,01,5,1087 43231,F,01  11,D,17, 0,2,,,,,,I64 
2004,01,7,1089 43231,F,01  11,W,12, 0,1,,,,,,I519
2004,01,5,1091 44241,M,01  11,W,10, 0,1,,,,,,I251
2004,01,2,1050 36160,F,01  11,D,12, 0,2,,,,,,C329
2004,01,2,1050 36160,F,02  32,W,12, 0,1,,,,,,C509
2004,01,5,1079 41211,F,01  11,M,12, 0,2,,,,,,E145
2004,01,2,1055 37170,F,01  11,D,10, 0,2,,,,,,I609
2004,01,2,1058 37170,M,01  11,M,17, 0,2,,,,,,C921
2004,01,1,1059 37170,M,01  11,D,11, 0,2,,,,,,C900
2004,01,7,1063 38180,F,02  32,W,14, 0,1,,,,,,N289
2004,01,3,1063 38180,M,01  11,M,17, 0,2,,,,,,K729
2004,01,2,4024 11010,M,68  24,S,00, 0,2,,,,,,Q249
2004,01,1,1086 43231,F,01  11,W,17, 0,2,,,,,,I718
2004,01,6,1029 31110,M,01  11,S,17, 0,3,,,,,,C961
2004,01,3,1086 43231,M,01  11,M,12, 0,1,,,,,,F03 
2004,01,1,1087 43231,F,01  11,W,08, 0,2,,,,,,I250
2004,01,2,1089 43231,M,01  11,W,12, 0,2,,,,,,J449
2004,01,1,1092 44241,F,01  11,W,08, 0,2,,,,,,I219
2004,01,7,1092 44241,M,01  11,S,12, 0,1,,,,,,I120
2004,01,6,1071 40200,M,01  11,S,10, 0,2,,,,,,D65 
2004,01,3,1095 45251,F,01  11,W,12, 0,2,,,,,,J439
2004,01,6,1083 42221,F,01  11,W,12, 0,1,,,,,,W80 
2004,01,5,1076 41211,M,01  11,M,16, 0,2,,,,,,W80 
2004,01,2,1077 41211,M,01  11,M,16, 0,1,,,,,,I251
2004,01,5,1081 42221,F,01  11,W,17, 0,2,,,,,,J189
2004,01,7,1077 41211,M,01  11,M,12, 0,1,,,,,,J449
2004,01,6,1094 44241,F,01  11,W,12, 0,2,,,,,,L039
2004,01,6,1094 44241,F,01  11,W,12, 0,2,,,,,,I129
2004,01,3,1079 41211,F,01  11,M,12, 0,1,,,,,,A419
2004,01,6,1081 42221,M,02  32,M,12, 0,1,,,,,,C349
2004,01,2,1081 42221,M,01  11,M,12, 0,3,,,,,,A419
2004,01,5,1051 36160,M,01  11,M,14, 0,2,,,,,,C859
2004,01,1,1083 42221,M,01  11,S,16, 0,2,,,,,,I251
2004,01,7,1077 41211,M,01  11,W,12, 0,1,,,,,,J449
2004,01,6,1083 42221,F,01  11,S,10, 0,2,,,,,,I469
2004,01,7,1071 40200,M,04  24,M,12, 0,1,,,,,,G122
2004,01,3,1072 40200,M,01  11,M,12, 0,2,,,,,,V031
2004,01,1,1046 35150,M,01  11,W,12, 0,2,,,,,,J189
2004,01,2,1047 35150,M,01  11,M,11, 0,3,,,,,,I251
2004,01,4,4016 10010,F,01  11,S,00, 0,2,,,,,,P220
2004,01,3,1016 29090,M,01  11,S,11, 0,2,,,,,,I615
2004,01,6,1029 31110,F,01  11,S,16, 0,1,,,,,,R58 
2004,01,4,1029 31110,M,01  11,S,12, 0,2,,,,,,C629
2004,01,3,1045 35150,F,01  11,M,16, 0,2,,,,,,C439
2004,01,4,1047 35150,M,01  11,S,13, 0,1,,,,,,A419
2004,01,2,1048 35150,F,01  11,M,17, 0,2,,,,,,C509
2004,01,4,1050 36160,F,01  11,M,16, 0,1,,,,,,C089
2004,01,5,1060 38180,M,01  11,M,12, 0,2,,,,,,C859
2004,01,3,1060 38180,F,01  11,M,14, 0,3,,,,,,K767
2004,01,6,1062 38180,M,02  32,S,12, 0,1,,,,,,I120
2004,01,4,1062 38180,M,01  11,M,14, 0,2,,,,,,I251
2004,01,4,1065 39190,M,01  11,M,17, 0,2,,,,,,C383
2004,01,2,1068 39190,M,01  11,M,12, 0,2,,,,,,I629
2004,01,2,1070 40200,M,01  11,S,12, 0,1,,,,,,I251
2004,01,2,1072 40200,M,01  11,M,14, 0,2,,,,,,A419
2004,01,1,1072 40200,F,01  11,W,12, 0,1,,,,,,C349
2004,01,3,1078 41211,F,01  11,M,12, 0,2,,,,,,C159
2004,01,3,1079 41211,M,01  11,M,12, 0,3,,,,,,C459
2004,01,2,1079 41211,M,01  11,M,12, 0,1,,,,,,J189
2004,01,4,1081 42221,M,01  11,M,04, 0,2,,,,,,I429
2004,01,2,1082 42221,M,01  11,W,12, 0,2,,,,,,X59 
2004,01,2,1085 43231,M,01  11,M,12, 0,1,,,,,,C61 
2004,01,7,1086 43231,M,01  11,S,08, 0,1,,,,,,G309
2004,01,7,1087 43231,F,01  11,M,12, 0,1,,,,,,I64 
2004,01,1,1092 44241,M,01  11,W,12, 0,2,,,,,,J448
2004,01,4,1093 44241,F,01  11,W,12, 0,2,,,,,,I251
2004,01,3,1093 44241,F,01  11,W,12, 0,1,,,,,,J189
2004,01,4,1094 44241,F,68  24,M,12, 0,1,,,,,,J459
2004,01,4,1096 45251,M,01  11,W,12, 0,1,,,,,,J111
2004,01,4,1097 45251,F,01  11,W,12, 0,1,,,,,,F03 
2004,01,4,1098 45251,F,01  11,W,09, 0,2,,,,,,I219
2004,01,5,1071 40200,M,01  11,M,12, 0,2,,,,,,I219
2004,01,2,4007 09010,F,01  11,S,00, 0,2,,,,,,P219
2004,01,6,1018 29090,M,02  32,S,12, 0,1,,,,,,X95 
2004,01,3,1041 34140,F,02  32,S,16, 0,1,,,,,,C169
2004,01,1,1043 34140,F,02  32,M,12, 0,2,,,,,,K701
2004,01,3,1045 35150,M,01  11,S,12, 0,1,,,,,,X42 
2004,01,3,1047 35150,M,01  11,M,12, 0,3,,,,,,I429
2004,01,2,1050 36160,F,01  11,M,12, 0,1,,,,,,C509
2004,01,5,1053 36160,M,01  11,M,17, 0,2,,,,,,J439
2004,01,6,1058 37170,F,02  32,S,12, 0,2,,,,,,A419
2004,01,6,1062 38180,F,01  11,S,16, 0,2,,,,,,C349
2004,01,3,1062 38180,M,02  32,M,12, 0,2,,,,,,B208
2004,01,4,1063 38180,F,01  11,M,12, 0,1,,,,,,J189
2004,01,5,1066 39190,F,01  11,M,16, 0,2,,,,,,C56 
2004,01,2,1072 40200,M,01  11,M,12, 0,1,,,,,,G934
2004,01,5,1073 40200,M,01  11,M,06, 0,1,,,,,,A419
2004,01,1,1074 40200,M,01  11,D,12, 0,2,,,,,,A419
2004,01,5,1077 41211,M,01  11,M,13, 0,3,,,,,,C959
2004,01,4,1077 41211,F,01  11,W,12, 0,2,,,,,,I219
2004,01,6,1077 41211,M,01  11,M,12, 0,1,,,,,,C349
2004,01,5,1079 41211,M,01  11,S,12, 0,1,,,,,,G809
2004,01,1,1080 42221,M,02  32,W,12, 0,1,,,,,,N180
2004,01,6,1082 42221,F,01  11,D,12, 0,1,,,,,,J690
2004,01,5,1088 43231,F,01  11,S,12, 0,1,,,,,,J189
2004,01,5,1088 43231,M,01  11,W,12, 0,1,,,,,,N390
2004,01,5,1096 45251,F,01  11,W,06, 0,2,,,,,,I519
2004,01,4,1065 39190,F,01  11,W,12, 0,2,,,,,,I618
2004,01,5,1059 37170,M,01  11,M,12, 0,1,,,,,,C349
2004,01,6,1024 30100,M,01  11,S,10, 0,2,,,,,,R99 
2004,01,3,1045 35150,F,02  32,S,12, 0,1,,,,,,B218
2004,01,6,1048 35150,M,02  32,S,12, 0,1,,,,,,I251
2004,01,7,1049 35150,M,01  11,M,13, 0,2,,,,,,D693
2004,01,1,1049 35150,F,01  11,W,13, 0,2,,,,,,C539
2004,01,7,1059 37170,M,01  11,M,16, 0,3,,,,,,A419
2004,01,5,1071 40200,M,02  32,S,12, 0,1,,,,,,C80 
2004,01,4,1070 40200,M,01  11,D,17, 0,2,,,,,,J449
2004,01,7,1070 40200,M,01  11,M,12, 0,1,,,,,,C349
2004,01,7,1071 40200,M,01  11,M,14, 0,2,,,,,,C349
2004,01,1,1075 41211,M,01  11,M,11, 0,2,,,,,,C259
2004,01,5,1075 41211,M,01  11,W,12, 0,1,,,,,,C64 
2004,01,5,1077 41211,F,01  11,D,12, 0,2,,,,,,J189
2004,01,4,1077 41211,F,02  32,S,12, 0,1,,,,,,I698
2004,01,7,1077 41211,F,02  32,W,12, 0,1,,,,,,I219
2004,01,7,1080 42221,F,01  11,M,12, 0,2,,,,,,C97 
2004,01,7,1081 42221,M,01  11,M,12, 0,2,,,,,,I219
2004,01,7,1082 42221,M,01  11,W,17, 0,2,,,,,,I255
2004,01,7,1084 42221,F,04  24,M,12, 0,1,,,,,,I802
2004,01,6,1086 43231,F,01  11,W,16, 0,1,,,,,,A419
2004,01,6,1086 43231,F,01  11,S,12, 0,2,,,,,,I219
2004,01,5,1086 43231,F,01  11,W,12, 0,1,,,,,,J984
2004,01,2,1088 43231,M,01  11,W,12, 0,2,,,,,,J189
2004,01,7,1088 43231,F,01  11,W,09, 0,1,,,,,,J189
2004,01,6,1089 43231,M,01  11,W,12, 0,1,,,,,,I219
2004,01,7,1090 44241,F,01  11,W,12, 0,2,,,,,,I251
2004,01,1,1091 44241,F,01  11,W,14, 0,1,,,,,,I429
2004,01,7,1092 44241,F,01  11,W,16, 0,1,,,,,,J189
2004,01,4,1039 33130,M,01  11,S,14, 0,2,,,,,,J840
2004,01,5,1072 40200,F,01  11,W,12, 0,2,,,,,,J841
2004,01,5,1073 40200,F,01  11,W,12, 0,3,,,,,,K85 
2004,01,6,1078 41211,F,01  11,M,06, 0,2,,,,,,I269
2004,01,3,1082 42221,M,01  11,M,12, 0,1,,,,,,I219
2004,01,5,4016 10010,M,02  32,S,00, 0,1,,,,,,P77 
2004,01,5,1054 36160,F,01  11,M,12, 0,1,,,,,,C349
2004,01,6,1078 41211,M,01  11,S,12, 0,2,,,,,,I219
2004,01,6,1080 42221,F,01  11,W,11, 0,2,,,,,,C55 
2004,01,6,1090 44241,F,01  11,W,12, 0,1,,,,,,F03 
2004,01,5,1094 44241,F,01  11,W,06, 0,1,,,,,,D649
2004,01,4,1096 45251,M,01  11,W,17, 0,2,,,,,,A419
2004,01,4,1046 35150,M,01  11,M,12, 0,1,,,,,,C20 
2004,01,2,4001 03010,F,01  11,S,00, 0,3,,,,,,Q234
2004,01,7,1018 29090,M,01  11,S,11, 0,2,,,,,,G712
2004,01,7,1047 35150,M,01  11,S,08, 0,1,,,,,,B24 
2004,01,2,1056 37170,M,01  11,M,04, 0,2,,,,,,I629
2004,01,2,1061 38180,F,01  11,D,12, 0,2,,,,,,C859
2004,01,2,1068 39190,F,01  11,M,12, 0,1,,,,,,D381
2004,01,2,1072 40200,F,01  11,M,12, 0,1,,,,,,K746
2004,01,5,1072 40200,M,01  11,D,12, 0,1,,,,,,I250
2004,01,7,1072 40200,F,01  11,D,12, 0,1,,,,,,J449
2004,01,1,1073 40200,M,01  11,S,16, 0,3,,,,,,J841
2004,01,7,1073 40200,F,04  24,M,12, 0,2,,,,,,J841
2004,01,7,1074 40200,F,04  24,M,08, 0,2,,,,,,C349
2004,01,5,1075 41211,M,01  11,D,09, 0,3,,,,,,I500
2004,01,2,1078 41211,M,01  11,W,12, 0,1,,,,,,N180
2004,01,7,1079 41211,M,01  11,W,12, 0,2,,,,,,I959
2004,01,7,1083 42221,M,01  11,M,17, 0,2,,,,,,W19 
2004,01,7,1083 42221,F,01  11,W,12, 0,2,,,,,,N390
2004,01,6,1083 42221,M,01  11,D,12, 0,2,,,,,,M609
2004,01,2,1084 42221,F,01  11,W,12, 0,1,,,,,,I250
2004,01,5,1086 43231,F,01  11,W,12, 0,2,,,,,,W19 
2004,01,7,1089 43231,F,01  11,M,14, 0,1,,,,,,J449
2004,01,2,1103 46261,M,01  11,W,17, 0,2,,,,,,A419
2004,01,7,1048 35150,M,01  11,M,17, 0,3,,,,,,E859
2004,01,2,1075 41211,F,01  11,M,12, 0,1,,,,,,C349
2004,01,2,1075 41211,M,01  11,D,14, 0,2,,,,,,K746
2004,01,1,4025 11010,M,02  32,S,00, 0,3,,,,,,Q249
2004,01,2,1026 31110,F,01  11,M,16, 0,1,,,,,,M899
2004,01,1,1037 33130,F,01  11,S,14, 0,2,,,,,,A419
2004,01,1,1041 34140,F,68  24,M,99, 0,2,,,,,,I609
2004,01,2,1045 35150,F,01  11,S,16, 0,3,,,,,,J110
2004,01,4,1046 35150,M,01  11,S,12, 0,1,,,,,,Y12 
2004,01,2,1048 35150,M,01  11,S,16, 0,2,,,,,,Y11 
2004,01,3,1049 35150,M,02  32,S,16, 0,1,,,,,,F101
2004,01,7,1051 36160,M,01  11,M,16, 0,2,,,,,,I614
2004,01,2,1052 36160,F,01  11,D,16, 0,1,,,,,,B948
2004,01,6,1053 36160,M,01  11,S,16, 0,2,,,,,,C439
2004,01,2,1053 36160,F,01  11,D,16, 0,3,,,,,,X64 
2004,01,7,1055 37170,M,02  32,D,12, 0,1,,,,,,C679
2004,01,2,1057 37170,M,01  11,S,14, 0,2,,,,,,I38 
2004,01,4,1058 37170,M,01  11,M,14, 0,3,,,,,,D481
2004,01,2,1062 38180,M,01  11,S,12, 0,1,,,,,,J690
2004,01,2,1062 38180,F,01  11,M,16, 0,2,,,,,,C859
2004,01,3,1087 43231,F,01  11,S,12, 0,1,,,,,,A419
2004,01,3,1062 38180,M,01  11,M,10, 0,2,,,,,,J449
2004,01,4,1066 39190,M,02  32,S,08, 0,1,,,,,,I119
2004,01,2,1067 39190,F,01  11,W,12, 0,2,,,,,,J849
2004,01,7,1068 39190,M,01  11,S,16, 0,1,,,,,,V092
2004,01,2,1069 39190,M,01  11,M,16, 0,2,,,,,,C349
2004,01,2,1069 39190,F,01  11,D,12, 0,2,,,,,,C349
2004,01,1,1071 40200,M,01  11,M,10, 0,2,,,,,,B011
2004,01,7,1071 40200,M,01  11,M,08, 0,1,,,,,,J189
2004,01,1,1072 40200,M,01  11,M,12, 0,1,,,,,,C349
2004,01,1,1073 40200,M,02  32,D,12, 0,1,,,,,,I251
2004,01,2,1075 41211,F,01  11,W,12, 0,1,,,,,,I48 
2004,01,2,1077 41211,M,01  11,M,06, 0,1,,,,,,C349
2004,01,4,1077 41211,F,01  11,M,14, 0,1,,,,,,I694
2004,01,1,1079 41211,M,01  11,D,08, 0,1,,,,,,I500
2004,01,6,1082 42221,M,01  11,W,12, 0,1,,,,,,J189
2004,01,4,1084 42221,M,01  11,W,14, 0,2,,,,,,I500
2004,01,3,1084 42221,M,01  11,W,12, 0,2,,,,,,J690
2004,01,3,1086 43231,F,02  32,S,12, 0,1,,,,,,C269
2004,01,2,1086 43231,M,01  11,M,16, 0,2,,,,,,J189
2004,01,2,1088 43231,M,01  11,W,17, 0,2,,,,,,C259
2004,01,4,1088 43231,F,02  32,W,12, 0,1,,,,,,J189
2004,01,2,1089 43231,F,01  11,M,10, 0,1,,,,,,F205
2004,01,1,1097 45251,F,02  32,W,08, 0,2,,,,,,I251
2004,01,5,6037 01010,M,02  32,S,00, 0,1,,,,,,P011
2004,01,5,1037 33130,M,02  32,M,16, 0,1,,,,,,G938
2004,01,5,1042 34140,M,03  23,S,16, 0,1,,,,,,Y12 
2004,01,5,1043 34140,M,01  11,S,12, 0,2,,,,,,C439
2004,01,3,1049 35150,M,01  11,M,12, 0,2,,,,,,C349
2004,01,3,1050 36160,F,01  11,S,12, 0,1,,,,,,C509
2004,01,7,1055 37170,M,01  11,M,12, 0,1,,,,,,C169
2004,01,2,1057 37170,M,01  11,M,13, 0,1,,,,,,C80 
2004,01,1,1062 38180,F,01  11,D,14, 0,2,,,,,,V892
2004,01,4,1067 39190,M,01  11,M,12, 0,2,,,,,,M869
2004,01,3,1065 39190,F,01  11,M,16, 0,2,,,,,,G122
2004,01,3,1074 40200,M,01  11,M,12, 0,2,,,,,,C64 
2004,01,3,1077 41211,M,01  11,M,12, 0,2,,,,,,I620
2004,01,2,1077 41211,F,01  11,W,12, 0,1,,,,,,I499
2004,01,4,1077 41211,F,01  11,W,12, 0,1,,,,,,C80 
2004,01,4,1079 41211,M,01  11,S,08, 0,2,,,,,,C716
2004,01,3,1085 43231,M,01  11,M,12, 0,2,,,,,,I269
2004,01,4,1089 43231,M,01  11,W,17, 0,2,,,,,,I350
2004,01,1,1083 42221,M,01  11,W,17, 0,1,,,,,,I709
2004,01,3,1098 45251,F,02  32,W,12, 0,1,,,,,,A419
2004,01,3,1097 45251,F,01  11,W,09, 0,1,,,,,,F03 
2004,01,3,1069 39190,F,01  11,S,99, 0,1,,,,,,I609
2004,01,3,2003 14020,M,01  11,S,00, 0,2,,,,,,R95 
2004,01,4,1034 32120,M,68  24,S,12, 0,2,,,,,,A419
2004,01,5,1048 35150,F,01  11,M,14, 0,2,,,,,,C539
2004,01,4,1048 35150,F,01  11,M,12, 0,2,,,,,,X70 
2004,01,3,1053 36160,F,01  11,W,12, 0,2,,,,,,K729
2004,01,4,1056 37170,F,01  11,D,12, 0,1,,,,,,C220
2004,01,5,1060 38180,M,01  11,M,11, 0,3,,,,,,I251
2004,01,5,1061 38180,F,01  11,D,14, 0,2,,,,,,J189
2004,01,5,1062 38180,F,01  11,M,12, 0,1,,,,,,I713
2004,01,4,1066 39190,M,01  11,M,12, 0,2,,,,,,J439
2004,01,5,1053 36160,M,01  11,D,17, 0,1,,,,,,E831
2004,01,7,1067 39190,F,02  32,W,12, 0,1,,,,,,J449
2004,01,5,1073 40200,F,01  11,D,12, 0,2,,,,,,I251
2004,01,1,1074 40200,F,01  11,S,16, 0,1,,,,,,C349
2004,01,5,1085 43231,M,02  32,D,08, 0,1,,,,,,E149
2004,01,3,1085 43231,F,02  32,M,16, 0,1,,,,,,I10 
2004,01,5,1087 43231,F,01  11,S,12, 0,1,,,,,,J189
2004,01,4,1090 44241,F,01  11,W,12, 0,1,,,,,,I251
2004,01,4,1090 44241,M,02  32,W,12, 0,1,,,,,,I679
2004,01,3,1092 44241,F,02  32,W,12, 0,1,,,,,,A419
2004,01,5,1067 39190,F,01  11,M,12, 0,2,,,,,,I619
2004,01,3,1068 39190,M,01  11,D,17, 0,1,,,,,,C349
2004,01,6,1070 40200,M,02  32,M,16, 0,1,,,,,,A419
2004,01,5,1071 40200,F,01  11,W,12, 0,1,,,,,,E149
2004,01,5,1076 41211,M,01  11,M,10, 0,1,,,,,,J449
2004,01,5,1079 41211,F,04  24,W,16, 0,1,,,,,,I10 
2004,01,5,1081 42221,M,01  11,W,12, 0,1,,,,,,C97 
2004,01,3,1082 42221,F,01  11,S,16, 0,1,,,,,,I250
2004,01,3,1082 42221,M,01  11,M,12, 0,1,,,,,,C61 
2004,01,2,1083 42221,M,01  11,M,12, 0,1,,,,,,I250
2004,01,4,1087 43231,M,01  11,M,16, 0,2,,,,,,F03 
2004,01,4,1087 43231,F,01  11,W,12, 0,1,,,,,,I251
2004,01,4,1088 43231,M,01  11,M,16, 0,1,,,,,,I500
2004,01,4,1089 43231,M,01  11,M,16, 0,2,,,,,,J449
2004,01,3,1090 44241,F,01  11,W,12, 0,1,,,,,,I219
2004,01,2,1090 44241,F,02  32,W,12, 0,1,,,,,,J449
2004,01,1,1095 45251,F,01  11,W,12, 0,1,,,,,,I48 
2004,01,1,1026 31110,M,02  32,S,12, 0,2,,,,,,I609
2004,01,5,1005 27070,F,01  11,S,00, 0,3,,,,,,I639
2004,01,6,1013 28080,M,02  32,S,08, 0,2,,,,,,J80 
2004,01,6,1032 32120,F,01  11,S,17, 0,3,,,,,,R99 
2004,01,7,1052 36160,F,02  32,M,10, 0,1,,,,,,C80 
2004,01,6,1059 37170,F,01  11,M,12, 0,2,,,,,,C64 
2004,01,5,1062 38180,M,01  11,M,17, 0,3,,,,,,I219
2004,01,4,1069 39190,F,01  11,M,12, 0,2,,,,,,C56 
2004,01,5,1073 40200,M,01  11,D,10, 0,2,,,,,,A419
2004,01,7,1080 42221,F,01  11,W,16, 0,1,,,,,,J189
2004,01,5,1084 42221,M,01  11,M,03, 0,1,,,,,,C189
2004,01,6,1084 42221,F,01  11,W,16, 0,2,,,,,,I500
2004,01,6,1085 43231,F,01  11,S,12, 0,1,,,,,,J110
2004,01,7,1086 43231,F,01  11,W,14, 0,2,,,,,,I48 
2004,01,6,1088 43231,F,01  11,W,07, 0,1,,,,,,I48 
2004,01,5,1092 44241,F,01  11,W,12, 0,2,,,,,,J690
2004,01,5,1093 44241,M,01  11,W,17, 0,1,,,,,,I251
2004,01,5,1096 45251,F,01  11,W,10, 0,1,,,,,,I251
2004,01,4,1094 44241,F,01  11,W,14, 0,2,,,,,,F03 
2004,01,7,1022 30100,M,01  11,S,12, 0,1,,,,,,E752
2004,01,7,1033 32120,M,01  11,S,14, 0,3,,,,,,I429
2004,01,4,1058 37170,M,01  11,M,12, 0,1,,,,,,I219
2004,01,5,1058 37170,M,01  11,M,14, 0,2,,,,,,N180
2004,01,7,1063 38180,F,01  11,M,11, 0,2,,,,,,M310
2004,01,1,1065 39190,M,01  11,M,14, 0,2,,,,,,A419
2004,01,7,1074 40200,F,01  11,W,14, 0,3,,,,,,C159
2004,01,5,1074 40200,M,01  11,M,14, 0,2,,,,,,C679
2004,01,6,1074 40200,M,01  11,M,12, 0,2,,,,,,I120
2004,01,5,1078 41211,M,01  11,S,16, 0,1,,,,,,I219
2004,01,7,1076 41211,M,01  11,M,12, 0,2,,,,,,N19 
2004,01,7,1029 31110,F,68  24,S,14, 0,1,,,,,,C859
2004,01,2,1041 34140,F,01  11,M,11, 0,2,,,,,,I629
2004,01,7,1045 35150,F,01  11,S,13, 0,2,,,,,,B171
2004,01,5,1046 35150,M,02  32,S,12, 0,1,,,,,,C259
2004,01,1,1047 35150,F,01  11,M,16, 0,1,,,,,,N19 
2004,01,4,1041 34140,F,02  32,S,16, 0,1,,,,,,B203
2004,01,3,1050 36160,F,01  11,M,16, 0,2,,,,,,C541
2004,01,6,1050 36160,M,02  32,S,12, 0,2,,,,,,B206
2004,01,6,1050 36160,M,01  11,S,12, 0,1,,,,,,C140
2004,01,1,1059 37170,F,01  11,W,08, 0,2,,,,,,C221
2004,01,1,1059 37170,M,01  11,S,12, 0,2,,,,,,Y34 
2004,01,4,1062 38180,M,01  11,S,17, 0,3,,,,,,G939
2004,01,6,1062 38180,M,04  24,M,12, 0,2,,,,,,C159
2004,01,1,1066 39190,F,02  32,D,12, 0,1,,,,,,N19 
2004,01,6,1066 39190,F,01  11,M,12, 0,1,,,,,,C189
2004,01,7,1068 39190,F,01  11,D,12, 0,1,,,,,,X59 
2004,01,7,1068 39190,F,01  11,D,14, 0,2,,,,,,C349
2004,01,2,1070 40200,F,01  11,M,12, 0,3,,,,,,I38 
2004,01,2,1071 40200,M,01  11,S,10, 0,1,,,,,,I250
2004,01,7,1073 40200,F,01  11,M,12, 0,2,,,,,,I48 
2004,01,1,1075 41211,M,01  11,M,12, 0,2,,,,,,C349
2004,01,6,1077 41211,M,02  32,M,08, 0,1,,,,,,N180
2004,01,7,1076 41211,M,01  11,M,12, 0,1,,,,,,A419
2004,01,1,1076 41211,F,02  32,M,12, 0,2,,,,,,I269
2004,01,6,1077 41211,M,01  11,M,16, 0,3,,,,,,I609
2004,01,4,1079 41211,M,01  11,M,14, 0,2,,,,,,C189
2004,01,6,1079 41211,M,68  24,M,17, 0,2,,,,,,C927
2004,01,1,1080 42221,F,01  11,D,15, 0,3,,,,,,I619
2004,01,2,1081 42221,F,01  11,S,16, 0,1,,,,,,F03 
2004,01,1,1082 42221,M,01  11,W,12, 0,1,,,,,,I251
2004,01,1,1083 42221,F,01  11,W,12, 0,1,,,,,,A047
2004,01,7,1083 42221,M,01  11,M,12, 0,2,,,,,,A419
2004,01,4,1084 42221,M,01  11,W,16, 0,2,,,,,,W19 
2004,01,2,1085 43231,F,01  11,W,12, 0,1,,,,,,K559
2004,01,5,1085 43231,F,01  11,W,12, 0,2,,,,,,K550
2004,01,2,1087 43231,F,01  11,S,12, 0,2,,,,,,I499
2004,01,1,1087 43231,F,01  11,W,12, 0,1,,,,,,W19 
2004,01,2,1088 43231,F,04  24,W,06, 0,1,,,,,,J189
2004,01,1,1090 44241,F,01  11,W,12, 0,1,,,,,,J189
2004,01,1,1093 44241,F,01  11,W,12, 0,1,,,,,,J189
2004,01,2,1093 44241,F,01  11,W,12, 0,1,,,,,,I679
2004,01,2,1095 45251,M,01  11,W,12, 0,1,,,,,,G20 
2004,01,2,1096 45251,M,01  11,W,12, 0,2,,,,,,N039
2004,01,2,1097 45251,F,03  23,W,12, 0,1,,,,,,J841
2004,01,4,1100 46261,F,01  11,W,12, 0,2,,,,,,J690
2004,01,7,1085 43231,F,02  32,M,12, 0,1,,,,,,G309
2004,01,4,6046 01010,F,02  32,S,00, 0,2,,,,,,P072
2004,01,3,1026 31110,M,01  11,S,12, 0,2,,,,,,C349
2004,01,2,1051 36160,M,01  11,D,12, 0,2,,,,,,K701
2004,01,2,1052 36160,M,01  11,D,16, 0,2,,,,,,I219
2004,01,3,1053 36160,F,01  11,D,16, 0,3,,,,,,I629
2004,01,2,1058 37170,F,01  11,M,14, 0,2,,,,,,J841
2004,01,1,1059 37170,M,02  32,D,17, 0,2,,,,,,I501
2004,01,1,1063 38180,F,02  32,D,12, 0,1,,,,,,I500
2004,01,2,1066 39190,M,01  11,S,10, 0,1,,,,,,J449
2004,01,1,1066 39190,F,01  11,M,12, 0,2,,,,,,J189
2004,01,1,1067 39190,F,01  11,S,12, 0,1,,,,,,I619
2004,01,2,1068 39190,F,02  32,W,12, 0,1,,,,,,C349
2004,01,2,1069 39190,M,02  32,M,08, 0,1,,,,,,N19 
2004,01,4,1070 40200,M,01  11,M,12, 0,1,,,,,,I64 
2004,01,7,1073 40200,F,01  11,W,10, 0,1,,,,,,C259
2004,01,2,1076 41211,M,01  11,W,12, 0,2,,,,,,I694
2004,01,1,1076 41211,M,01  11,M,12, 0,2,,,,,,R570
2004,01,3,1079 41211,F,01  11,S,12, 0,1,,,,,,E41 
2004,01,4,1080 42221,F,02  32,D,12, 0,2,,,,,,N180
2004,01,2,1082 42221,M,01  11,M,14, 0,1,,,,,,I500
2004,01,6,1084 42221,M,02  32,D,12, 0,1,,,,,,C61 
2004,01,7,1085 43231,M,02  32,W,08, 0,1,,,,,,C920
2004,01,3,4026 11010,F,01  11,S,00, 0,2,,,,,,P77 
2004,01,5,1086 43231,M,01  11,D,99, 0,3,,,,,,X00 
2004,01,1,1086 43231,F,01  11,W,14, 0,2,,,,,,N19 
2004,01,2,1086 43231,F,01  11,W,12, 0,1,,,,,,J690
2004,01,4,1087 43231,F,01  11,W,12, 0,1,,,,,,I712
2004,01,7,1088 43231,M,02  32,W,06, 0,1,,,,,,N19 
2004,01,2,1088 43231,F,01  11,S,99, 0,1,,,,,,I469
2004,01,7,1089 43231,M,02  32,M,09, 0,1,,,,,,F03 
2004,01,7,1091 44241,F,01  11,W,08, 0,1,,,,,,F03 
2004,01,6,1093 44241,F,01  11,W,12, 0,1,,,,,,I250
2004,01,2,5001 02010,M,02  32,S,00, 0,1,,,,,,P072
2004,01,2,1022 30100,F,02  32,S,12, 0,1,,,,,,I802
2004,01,6,1024 30100,M,01  11,S,12, 0,1,,,,,,R99 
2004,01,3,1039 33130,M,01  11,D,17, 0,2,,,,,,C920
2004,01,3,1050 36160,F,01  11,D,12, 0,2,,,,,,I609
2004,01,1,1065 39190,M,02  32,S,12, 0,1,,,,,,N180
2004,01,1,1065 39190,F,01  11,D,17, 0,2,,,,,,K316
2004,01,1,1069 39190,M,01  11,D,10, 0,2,,,,,,I500
2004,01,3,1070 40200,M,01  11,M,17, 0,2,,,,,,J449
2004,01,3,1072 40200,F,01  11,S,12, 0,2,,,,,,J189
2004,01,3,1074 40200,F,01  11,M,12, 0,1,,,,,,C859
2004,01,3,1074 40200,M,01  11,M,14, 0,2,,,,,,I718
2004,01,6,1074 40200,F,02  32,M,12, 0,2,,,,,,C259
2004,01,6,1075 41211,M,01  11,M,12, 0,2,,,,,,C679
2004,01,1,1076 41211,F,01  11,W,16, 0,2,,,,,,C349
2004,01,3,1077 41211,M,02  32,M,17, 0,3,,,,,,I269
2004,01,1,1077 41211,F,01  11,W,16, 0,1,,,,,,I739
2004,01,4,1078 41211,F,01  11,M,12, 0,2,,,,,,J189
2004,01,2,1078 41211,F,01  11,D,13, 0,2,,,,,,I272
2004,01,1,1081 42221,M,01  11,S,12, 0,2,,,,,,I219
2004,01,1,1082 42221,M,01  11,S,12, 0,1,,,,,,I64 
2004,01,3,1082 42221,F,01  11,W,12, 0,1,,,,,,A419
2004,01,3,1083 42221,M,01  11,M,12, 0,2,,,,,,I251
2004,01,3,1086 43231,F,01  11,W,17, 0,2,,,,,,K559
2004,01,2,1087 43231,M,01  11,M,12, 0,1,,,,,,J110
2004,01,2,1090 44241,M,01  11,M,14, 0,1,,,,,,I251
2004,01,3,1089 43231,F,01  11,D,12, 0,2,,,,,,I698
2004,01,7,1090 44241,M,01  11,W,12, 0,1,,,,,,I251
2004,01,3,1087 43231,M,01  11,M,12, 0,2,,,,,,Y831
2004,01,6,6037 01010,F,02  32,S,00, 0,2,,,,,,P021
2004,01,4,1076 41211,F,01  11,D,13, 0,1,,,,,,I250
2004,01,4,1038 33130,F,01  11,M,16, 0,2,,,,,,C37 
2004,01,4,1052 36160,F,01  11,M,12, 0,2,,,,,,G931
2004,01,5,1054 36160,M,01  11,M,12, 0,1,,,,,,G122
2004,01,3,1058 37170,M,01  11,W,12, 0,2,,,,,,A419
2004,01,5,1058 37170,M,01  11,M,14, 0,2,,,,,,K769
2004,01,5,1067 39190,F,01  11,W,12, 0,1,,,,,,I350
2004,01,5,1072 40200,M,01  11,M,17, 0,3,,,,,,C679
2004,01,6,1072 40200,M,02  32,M,12, 0,1,,,,,,I251
2004,01,3,1072 40200,F,01  11,M,12, 0,1,,,,,,I500
2004,01,7,1073 40200,F,02  32,M,12, 0,2,,,,,,C859
2004,01,4,1074 40200,M,01  11,M,05, 0,1,,,,,,I516
2004,01,4,1077 41211,M,01  11,W,16, 0,2,,,,,,J189
2004,01,5,1078 41211,M,02  32,W,14, 0,1,,,,,,X00 
2004,01,4,1079 41211,M,01  11,M,12, 0,2,,,,,,C831
2004,01,5,1081 42221,M,01  11,M,12, 0,1,,,,,,I64 
2004,01,3,1081 42221,F,01  11,W,12, 0,2,,,,,,I272
2004,01,2,1082 42221,M,01  11,S,12, 0,1,,,,,,K746
2004,01,3,1083 42221,M,01  11,M,12, 0,1,,,,,,G309
2004,01,3,1074 40200,F,01  11,M,12, 0,1,,,,,,C349
2004,01,2,1084 42221,F,01  11,W,12, 0,2,,,,,,I64 
2004,01,4,1084 42221,F,01  11,S,12, 0,1,,,,,,G709
2004,01,4,1085 43231,F,01  11,S,10, 0,1,,,,,,J690
2004,01,4,1088 43231,F,01  11,W,12, 0,2,,,,,,J90 
2004,01,4,1088 43231,M,01  11,M,12, 0,2,,,,,,J449
2004,01,7,1090 44241,F,01  11,S,14, 0,2,,,,,,K566
2004,01,5,1093 44241,F,02  32,W,12, 0,1,,,,,,I120
2004,01,3,1100 46261,F,01  11,W,12, 0,1,,,,,,G309
2004,01,5,1090 44241,M,01  11,S,12, 0,2,,,,,,I255
2004,01,2,1096 45251,F,01  11,W,17, 0,1,,,,,,I500
2004,01,6,1079 41211,F,02  32,M,06, 0,2,,,,,,G931
2004,01,6,1075 41211,M,01  11,M,05, 0,2,,,,,,I319
2004,01,3,1015 29090,F,01  11,S,11, 0,1,,,,,,V059
2004,01,6,1068 39190,M,01  11,D,12, 0,2,,,,,,E149
2004,01,4,1070 40200,M,01  11,M,12, 0,2,,,,,,I250
2004,01,5,1071 40200,M,01  11,W,12, 0,1,,,,,,I251
2004,01,6,1072 40200,F,01  11,M,12, 0,2,,,,,,A419
2004,01,5,1086 43231,F,01  11,W,12, 0,2,,,,,,I48 
2004,01,6,1088 43231,F,01  11,W,12, 0,1,,,,,,E872
2004,01,5,1095 45251,M,01  11,W,17, 0,1,,,,,,C61 
2004,01,7,1079 41211,F,01  11,W,12, 0,2,,,,,,C679
2004,01,3,1081 42221,M,01  11,W,12, 0,1,,,,,,J188
2004,01,1,1017 29090,M,02  32,S,12, 0,2,,,,,,I519
2004,01,3,1055 37170,M,01  11,S,12, 0,2,,,,,,I219
2004,01,5,1075 41211,F,01  11,W,08, 0,2,,,,,,I251
2004,01,5,1084 42221,F,01  11,W,14, 0,1,,,,,,G309
2004,01,5,1086 43231,F,01  11,W,13, 0,1,,,,,,F03 
2004,01,7,1039 33130,F,01  11,M,14, 0,2,,,,,,A812
2004,01,1,1041 34140,F,02  32,D,12, 0,1,,,,,,Y12 
2004,01,4,1048 35150,M,02  32,S,12, 0,1,,,,,,D849
2004,01,5,1049 35150,F,01  11,M,12, 0,2,,,,,,V499
2004,01,7,1054 36160,M,02  32,S,14, 0,1,,,,,,C220
2004,01,4,1054 36160,M,01  11,S,08, 0,1,,,,,,C349
2004,01,1,1056 37170,F,01  11,D,11, 0,3,,,,,,Q218
2004,01,6,1059 37170,F,01  11,D,13, 0,2,,,,,,K350
2004,01,1,1060 38180,M,01  11,M,17, 0,2,,,,,,C859
2004,01,4,1061 38180,F,02  32,M,12, 0,2,,,,,,I629
2004,01,6,1061 38180,M,01  11,M,12, 0,2,,,,,,I710
2004,01,6,1066 39190,M,01  11,M,16, 0,2,,,,,,I499
2004,01,6,1069 39190,M,01  11,M,17, 0,3,,,,,,I219
2004,01,4,1073 40200,M,68  24,M,12, 0,1,,,,,,C845
2004,01,6,1076 41211,M,01  11,M,13, 0,2,,,,,,I500
2004,01,4,1077 41211,F,02  32,D,12, 0,1,,,,,,C859
2004,01,4,1078 41211,F,02  32,W,12, 0,1,,,,,,N180
2004,01,6,1079 41211,M,01  11,M,12, 0,2,,,,,,J840
2004,01,5,1080 42221,F,01  11,W,12, 0,1,,,,,,C80 
2004,01,5,1082 42221,F,02  32,W,12, 0,1,,,,,,J449
2004,01,1,1082 42221,M,01  11,M,12, 0,1,,,,,,N19 
2004,01,7,1083 42221,F,01  11,W,11, 0,2,,,,,,C169
2004,01,7,1083 42221,F,01  11,M,14, 0,2,,,,,,I251
2004,01,7,1083 42221,F,01  11,M,12, 0,1,,,,,,J189
2004,01,5,1083 42221,F,01  11,M,12, 0,2,,,,,,C679
2004,01,1,1083 42221,F,01  11,D,16, 0,2,,,,,,I500
2004,01,6,1085 43231,F,01  11,W,12, 0,2,,,,,,J189
2004,01,1,1085 43231,M,01  11,M,12, 0,2,,,,,,K746
2004,01,7,1086 43231,M,01  11,M,06, 0,1,,,,,,G309
2004,01,7,1086 43231,F,01  11,W,17, 0,2,,,,,,I619
2004,01,4,1090 44241,F,01  11,M,14, 0,1,,,,,,J449
2004,01,6,1093 44241,F,01  11,W,08, 0,1,,,,,,J189
2004,01,6,1095 45251,F,02  32,W,08, 0,1,,,,,,I250
2004,01,6,1062 38180,M,01  11,M,12, 0,2,,,,,,C798
2004,01,6,1046 35150,M,01  11,D,12, 0,2,,,,,,G009
2004,01,1,1091 44241,M,01  11,W,16, 0,1,,,,,,I712
2004,01,7,1021 30100,M,01  11,S,08, 0,1,,,,,,F102
2004,01,6,1003 25050,F,01  11,S,00, 0,3,,,,,,Q897
2004,01,5,1044 34140,M,01  11,D,12, 0,2,,,,,,Y34 
2004,01,2,1046 35150,F,01  11,S,17, 0,2,,,,,,C920
2004,01,1,1046 35150,M,01  11,S,16, 0,1,,,,,,K704
2004,01,2,1047 35150,M,01  11,M,16, 0,3,,,,,,D432
2004,01,2,1047 35150,F,02  32,S,12, 0,1,,,,,,J189
2004,01,2,1051 36160,F,01  11,M,16, 0,2,,,,,,D469
2004,01,2,1056 37170,F,01  11,S,12, 0,1,,,,,,R090
2004,01,7,1058 37170,M,01  11,M,17, 0,2,,,,,,I619
2004,01,7,1060 38180,M,01  11,M,14, 0,2,,,,,,V892
2004,01,4,1065 39190,M,01  11,M,10, 0,2,,,,,,I219
2004,01,3,1067 39190,M,01  11,M,12, 0,1,,,,,,J449
2004,01,1,1068 39190,M,01  11,M,17, 0,2,,,,,,I609
2004,01,5,1071 40200,F,02  32,S,12, 0,1,,,,,,G931
2004,01,7,1071 40200,M,01  11,M,12, 0,1,,,,,,J690
2004,01,2,1072 40200,F,01  11,W,12, 0,1,,,,,,I64 
2004,01,6,1072 40200,F,01  11,M,12, 0,1,,,,,,C719
2004,01,1,1072 40200,M,01  11,S,17, 0,1,,,,,,G122
2004,01,6,1074 40200,M,02  32,M,99, 0,1,,,,,,K729
2004,01,5,1074 40200,M,02  32,M,12, 0,1,,,,,,J449
2004,01,1,1074 40200,F,04  24,M,12, 0,2,,,,,,A419
2004,01,5,1076 41211,F,02  32,M,12, 0,1,,,,,,C259
2004,01,1,1079 41211,M,01  11,W,12, 0,1,,,,,,C349
2004,01,1,1080 42221,M,01  11,W,16, 0,2,,,,,,K922
2004,01,7,1080 42221,F,01  11,W,12, 0,1,,,,,,I64 
2004,01,7,1081 42221,M,01  11,M,12, 0,2,,,,,,C189
2004,01,1,1085 43231,F,01  11,M,08, 0,1,,,,,,C259
2004,01,5,1085 43231,M,01  11,W,17, 0,2,,,,,,J181
2004,01,6,1085 43231,M,01  11,M,12, 0,2,,,,,,J690
2004,01,1,1086 43231,M,01  11,S,12, 0,2,,,,,,J189
2004,01,2,1091 44241,M,01  11,W,17, 0,1,,,,,,I219
2004,01,1,1093 44241,F,01  11,W,14, 0,1,,,,,,F03 
2004,01,1,1093 44241,F,01  11,W,08, 0,1,,,,,,I64 
2004,01,6,1093 44241,F,01  11,S,15, 0,2,,,,,,I500
2004,01,1,1096 45251,F,01  11,W,12, 0,1,,,,,,D472
2004,01,1,1104 46261,F,01  11,W,12, 0,2,,,,,,C509
2004,01,3,1092 44241,F,01  11,S,13, 0,1,,,,,,J189
2004,01,2,1080 42221,M,01  11,W,17, 0,2,,,,,,C97 
2004,01,2,1057 37170,F,01  11,S,06, 0,1,,,,,,I219
2004,01,1,1046 35150,F,01  11,M,09, 0,1,,,,,,D733
2004,01,6,1069 39190,F,01  11,M,13, 0,2,,,,,,K769
2004,01,5,2010 21020,M,02  32,S,00, 0,3,,,,,,Q234
2004,01,7,1038 33130,F,02  32,M,15, 0,2,,,,,,C509
2004,01,1,1042 34140,M,01  11,M,14, 0,2,,,,,,I609
2004,01,1,1044 34140,M,01  11,S,08, 0,2,,,,,,C220
2004,01,7,1044 34140,F,01  11,M,12, 0,2,,,,,,N280
2004,01,7,1045 35150,F,01  11,S,10, 0,1,,,,,,X91 
2004,01,3,1059 37170,M,01  11,M,12, 0,1,,,,,,C189
2004,01,2,1069 39190,F,01  11,M,12, 0,2,,,,,,M359
2004,01,2,1073 40200,M,01  11,M,16, 0,2,,,,,,D469
2004,01,2,1076 41211,F,01  11,D,07, 0,2,,,,,,J189
2004,01,3,1077 41211,F,01  11,W,08, 0,2,,,,,,I351
2004,01,2,1080 42221,F,01  11,W,12, 0,2,,,,,,I611
2004,01,1,1082 42221,M,01  11,M,12, 0,1,,,,,,J449
2004,01,1,1084 42221,F,01  11,D,14, 0,2,,,,,,V435
2004,01,2,1085 43231,F,01  11,W,14, 0,2,,,,,,I219
2004,01,2,1087 43231,F,01  11,W,12, 0,1,,,,,,A419
2004,01,3,1001 23030,F,01  11,S,00, 0,2,,,,,,J189
2004,01,7,1045 35150,M,02  32,D,12, 0,1,,,,,,I250
2004,01,4,1021 30100,M,01  11,S,13, 0,2,,,,,,V892
2004,01,4,1043 34140,M,01  11,S,12, 0,2,,,,,,C64 
2004,01,7,1059 37170,M,01  11,M,17, 0,1,,,,,,C349
2004,01,4,1066 39190,F,01  11,M,17, 0,2,,,,,,M069
2004,01,3,1067 39190,M,01  11,M,12, 0,2,,,,,,I500
2004,01,7,1073 40200,M,01  11,M,12, 0,1,,,,,,E149
2004,01,3,1076 41211,F,01  11,W,12, 0,2,,,,,,I712
2004,01,3,1077 41211,M,01  11,M,14, 0,2,,,,,,N19 
2004,01,3,1080 42221,F,01  11,S,08, 0,2,,,,,,I629
2004,01,3,1061 38180,F,01  11,S,12, 0,2,,,,,,B171
2004,01,4,1080 42221,F,01  11,M,12, 0,3,,,,,,K810
2004,01,3,1081 42221,M,02  32,W,12, 0,1,,,,,,I219
2004,01,1,1082 42221,M,02  32,W,17, 0,1,,,,,,G912
2004,01,2,1082 42221,M,01  11,M,12, 0,1,,,,,,C221
2004,01,2,1083 42221,F,02  32,W,11, 0,1,,,,,,G20 
2004,01,4,1089 43231,F,01  11,W,12, 0,2,,,,,,C349
2004,01,3,1091 44241,F,01  11,W,06, 0,2,,,,,,C833
2004,01,6,1029 31110,F,01  11,S,15, 0,1,,,,,,Y21 
2004,01,5,1045 35150,M,01  11,S,12, 0,2,,,,,,N180
2004,01,3,1002 24040,M,01  11,S,00, 0,3,,,,,,Q893
2004,01,4,1050 36160,M,01  11,S,12, 0,2,,,,,,C439
2004,01,5,1052 36160,M,01  11,S,12, 0,2,,,,,,E149
2004,01,4,1057 37170,F,01  11,S,12, 0,2,,,,,,C859
2004,01,4,1060 38180,F,01  11,D,12, 0,2,,,,,,C920
2004,01,3,1060 38180,F,01  11,D,12, 0,1,,,,,,C349
2004,01,4,1063 38180,F,01  11,M,14, 0,1,,,,,,I694
2004,01,3,1064 38180,M,01  11,M,15, 0,1,,,,,,V892
2004,01,3,1069 39190,M,01  11,M,04, 0,2,,,,,,I258
2004,01,3,1070 40200,F,01  11,M,12, 0,2,,,,,,C329
2004,01,4,1073 40200,M,01  11,M,12, 0,1,,,,,,K559
2004,01,4,1075 41211,M,01  11,M,12, 0,1,,,,,,C80 
2004,01,4,1078 41211,F,01  11,W,12, 0,2,,,,,,I500
2004,01,5,1082 42221,F,01  11,W,12, 0,2,,,,,,R090
2004,01,6,1083 42221,M,01  11,U,12, 0,2,,,,,,A419
2004,01,5,1076 41211,F,01  11,W,14, 0,2,,,,,,K559
2004,01,6,1084 42221,F,02  32,D,12, 0,1,,,,,,J189
2004,01,5,1085 43231,M,01  11,M,12, 0,2,,,,,,K922
2004,01,4,1086 43231,F,01  11,W,12, 0,1,,,,,,F03 
2004,01,1,1086 43231,F,01  11,W,11, 0,1,,,,,,I251
2004,01,4,1087 43231,F,01  11,W,12, 0,2,,,,,,G20 
2004,01,3,1087 43231,M,01  11,D,04, 0,1,,,,,,J189
2004,01,2,1091 44241,F,01  11,W,16, 0,1,,,,,,J449
2004,01,5,1086 43231,F,01  11,S,12, 0,2,,,,,,I251
2004,01,2,1090 44241,F,01  11,W,07, 0,1,,,,,,I120
2004,01,5,1091 44241,M,01  11,W,17, 0,1,,,,,,A419
2004,01,4,1091 44241,M,01  11,W,12, 0,2,,,,,,I259
2004,01,1,1080 42221,F,01  11,W,12, 0,1,,,,,,I219
2004,01,6,1081 42221,F,01  11,M,13, 0,1,,,,,,J90 
2004,01,6,1061 38180,M,01  11,D,08, 0,1,,,,,,I500
2004,01,6,1074 40200,M,01  11,M,08, 0,2,,,,,,J449
2004,01,5,1077 41211,F,01  11,W,09, 0,2,,,,,,I219
2004,01,4,1082 42221,F,01  11,W,12, 0,1,,,,,,J449
2004,01,5,1091 44241,F,01  11,W,12, 0,1,,,,,,A419
2004,01,6,1091 44241,F,01  11,S,12, 0,1,,,,,,I250
2004,01,6,1093 44241,M,01  11,M,12, 0,1,,,,,,I251
2004,01,7,1094 44241,F,01  11,W,08, 0,1,,,,,,I500
2004,01,6,1095 45251,F,01  11,W,12, 0,1,,,,,,I500
2004,01,5,1057 37170,M,01  11,D,16, 0,2,,,,,,I251
2004,01,6,1065 39190,M,01  11,S,08, 0,1,,,,,,C80 
2004,01,6,1095 45251,F,01  11,W,12, 0,2,,,,,,A419
2004,01,6,6045 01010,M,02  32,S,00, 0,1,,,,,,P072
2004,01,6,1022 30100,M,01  11,S,14, 0,2,,,,,,V435
2004,01,7,1032 32120,F,02  32,S,13, 0,1,,,,,,I348
2004,01,3,1037 33130,F,01  11,D,09, 0,3,,,,,,C837
2004,01,6,1037 33130,F,01  11,D,12, 0,1,,,,,,I269
2004,01,5,1043 34140,M,68  24,M,17, 0,2,,,,,,C959
2004,01,4,1050 36160,M,01  11,D,16, 0,2,,,,,,B942
2004,01,5,1054 36160,M,02  32,M,10, 0,1,,,,,,E149
2004,01,7,1054 36160,M,01  11,D,12, 0,2,,,,,,K729
2004,01,6,1055 37170,M,02  32,M,12, 0,2,,,,,,I219
2004,01,4,1066 39190,F,01  11,W,16, 0,3,,,,,,K529
2004,01,6,1066 39190,F,01  11,W,12, 0,2,,,,,,K631
2004,01,6,1071 40200,M,01  11,D,12, 0,1,,,,,,J189
2004,01,5,1073 40200,F,01  11,W,12, 0,2,,,,,,I251
2004,02,1,1073 40200,F,01  11,S,12, 0,1,,,,,,E149
2004,01,5,1074 40200,M,01  11,W,99, 0,1,,,,,,C780
2004,01,7,1075 41211,F,02  32,M,12, 0,1,,,,,,I251
2004,01,6,1075 41211,F,02  32,W,16, 0,1,,,,,,J189
2004,01,7,1076 41211,M,01  11,W,12, 0,2,,,,,,C80 
2004,01,5,1077 41211,M,02  32,S,12, 0,1,,,,,,C349
2004,01,7,1077 41211,F,01  11,W,99, 0,1,,,,,,J449
2004,01,5,1077 41211,F,01  11,D,14, 0,1,,,,,,C349
2004,01,3,1081 42221,F,01  11,M,16, 0,1,,,,,,E46 
2004,01,6,1082 42221,F,01  11,W,08, 0,2,,,,,,A419
2004,01,6,1084 42221,F,01  11,S,12, 0,1,,,,,,I251
2004,01,5,1086 43231,F,01  11,M,09, 0,1,,,,,,G309
2004,02,2,1087 43231,F,01  11,W,12, 0,1,,,,,,F03 
2004,01,7,1088 43231,M,01  11,M,12, 0,1,,,,,,I500
2004,01,6,1088 43231,F,01  11,W,13, 0,1,,,,,,I64 
2004,02,2,1090 44241,M,01  11,W,12, 0,1,,,,,,I10 
2004,01,7,1090 44241,F,01  11,W,12, 0,1,,,,,,J189
2004,01,5,1092 44241,F,01  11,W,12, 0,3,,,,,,J849
2004,01,6,1093 44241,F,01  11,M,12, 0,2,,,,,,I251
2004,01,7,1097 45251,F,01  11,W,12, 0,1,,,,,,G309
2004,02,2,1021 30100,M,01  11,S,15, 0,2,,,,,,V092
2004,02,1,1051 36160,F,01  11,D,16, 0,1,,,,,,I500
2004,01,7,1076 41211,F,01  11,D,12, 0,1,,,,,,C80 
2004,02,1,1073 40200,M,01  11,D,08, 0,2,,,,,,I259
2004,02,1,1081 42221,M,01  11,W,15, 0,2,,,,,,G309
2004,01,5,1084 42221,M,01  11,W,12, 0,1,,,,,,J449
2004,02,1,1085 43231,F,01  11,W,12, 0,2,,,,,,I64 
2004,02,1,1086 43231,M,02  32,M,12, 0,2,,,,,,I711
2004,02,2,1087 43231,M,01  11,M,17, 0,2,,,,,,C798
2004,01,7,1091 44241,F,01  11,W,12, 0,1,,,,,,J189
2004,01,7,1092 44241,F,01  11,M,09, 0,1,,,,,,G309
2004,01,7,1093 44241,F,01  11,W,03, 0,2,,,,,,I802
2004,02,1,1095 45251,M,01  11,W,08, 0,1,,,,,,F03 
2004,01,7,1095 45251,F,01  11,W,12, 0,1,,,,,,I219
2004,01,6,1088 43231,F,01  11,S,10, 0,2,,,,,,F03 
2004,02,1,1053 36160,M,01  11,M,12, 0,3,,,,,,K566
2004,02,1,2001 12020,M,02  32,S,00, 0,1,,,,,,K550
2004,02,3,2001 12020,M,02  32,S,00, 0,2,,,,,,J984
2004,02,2,2008 19020,F,01  11,S,00, 0,2,,,,,,G938
2004,01,4,1024 30100,F,02  32,S,12, 0,1,,,,,,I609
2004,01,7,1027 31110,F,02  32,S,12, 0,1,,,,,,G936
2004,01,7,1028 31110,M,01  11,S,12, 0,3,,,,,,N180
2004,01,6,1033 32120,F,02  32,S,12, 0,1,,,,,,X44 
2004,01,4,1035 33130,M,02  32,M,12, 0,1,,,,,,Y12 
2004,01,7,1041 34140,M,01  11,S,12, 0,1,,,,,,B227
2004,02,2,1046 35150,M,01  11,D,12, 0,2,,,,,,J81 
2004,01,7,1044 34140,M,02  32,D,12, 0,1,,,,,,I251
2004,01,7,1044 34140,M,01  11,M,12, 0,1,,,,,,X95 
2004,01,4,1045 35150,F,02  32,M,12, 0,1,,,,,,B24 
2004,02,2,1049 35150,M,02  32,S,12, 0,1,,,,,,N179
2004,01,7,1054 36160,F,01  11,M,12, 0,2,,,,,,I613
2004,02,1,1057 37170,M,01  11,M,17, 0,3,,,,,,C64 
2004,01,6,1058 37170,F,01  11,D,12, 0,1,,,,,,C189
2004,02,1,1059 37170,M,01  11,M,12, 0,1,,,,,,I251
2004,02,1,1059 37170,M,01  11,M,12, 0,2,,,,,,I251
2004,02,2,1059 37170,M,01  11,M,12, 0,1,,,,,,A419
2004,02,3,1062 38180,M,01  11,M,14, 0,3,,,,,,C900
2004,02,3,1063 38180,M,01  11,M,16, 0,2,,,,,,I619
2004,02,2,1064 38180,M,01  11,S,12, 0,1,,,,,,K729
2004,01,4,1066 39190,M,01  11,W,17, 0,1,,,,,,I251
2004,01,7,1070 40200,M,68  24,M,16, 0,1,,,,,,C719
2004,02,2,1072 40200,M,01  11,S,16, 0,1,,,,,,J449
2004,02,3,1072 40200,F,01  11,M,08, 0,3,,,,,,I251
2004,02,1,1073 40200,M,01  11,W,12, 0,1,,,,,,C220
2004,01,7,1075 41211,M,01  11,D,16, 0,2,,,,,,C679
2004,01,4,1075 41211,F,01  11,W,12, 0,1,,,,,,C679
2004,02,3,1078 41211,M,01  11,S,12, 0,1,,,,,,I251
2004,02,2,1078 41211,M,01  11,W,12, 0,2,,,,,,C959
2004,02,3,1078 41211,F,01  11,W,12, 0,3,,,,,,I080
2004,01,4,1078 41211,M,01  11,D,12, 0,1,,,,,,I499
2004,02,2,1079 41211,M,01  11,D,12, 0,1,,,,,,N19 
2004,02,2,1081 42221,M,01  11,M,12, 0,1,,,,,,I251
2004,02,3,1083 42221,M,01  11,D,16, 0,1,,,,,,J189
2004,02,3,1083 42221,M,01  11,M,12, 0,2,,,,,,I619
2004,02,3,1083 42221,F,01  11,W,12, 0,1,,,,,,E149
2004,02,1,1083 42221,M,02  32,W,12, 0,2,,,,,,I691
2004,02,1,1088 43231,F,01  11,S,14, 0,1,,,,,,J449
2004,01,7,1088 43231,M,01  11,W,12, 0,3,,,,,,V435
2004,02,2,1089 43231,M,01  11,W,12, 0,1,,,,,,K746
2004,02,2,1091 44241,F,01  11,S,12, 0,1,,,,,,F03 
2004,02,1,1094 44241,M,01  11,W,12, 0,1,,,,,,I259
2004,01,6,1099 45251,F,02  32,W,16, 0,1,,,,,,I10 
2004,02,1,1076 41211,M,07  24,W,10, 0,1,,,,,,J449
2004,01,7,1056 37170,M,01  11,S,14, 0,1,,,,,,X95 
2004,01,4,1030 32120,M,02  32,S,11, 0,1,,,,,,X95 
2004,02,3,1066 39190,M,01  11,D,12, 0,1,,,,,,C189
2004,02,2,1072 40200,F,01  11,D,17, 0,3,,,,,,C259
2004,01,1,1073 40200,F,01  11,D,12, 0,1,,,,,,C19 
2004,02,3,1074 40200,F,01  11,W,10, 0,1,,,,,,I64 
2004,02,2,4001 03010,F,01  11,S,00, 0,3,,,,,,Q793
2004,01,6,1030 32120,M,01  11,S,12, 0,1,,,,,,Y12 
2004,02,3,1035 33130,F,01  11,M,16, 0,2,,,,,,C221
2004,01,6,1039 33130,M,01  11,S,17, 0,1,,,,,,Y14 
2004,02,2,1039 33130,M,01  11,S,14, 0,2,,,,,,B59 
2004,02,3,1046 35150,M,01  11,S,07, 0,1,,,,,,C349
2004,02,3,1054 36160,M,01  11,S,14, 0,1,,,,,,C259
2004,02,3,1061 38180,M,01  11,M,14, 0,3,,,,,,I272
2004,02,4,1061 38180,M,01  11,M,16, 0,1,,,,,,K830
2004,02,3,1067 39190,M,01  11,M,12, 0,1,,,,,,G122
2004,02,2,1068 39190,F,01  11,W,12, 0,2,,,,,,M726
2004,01,7,1060 38180,M,02  32,D,14, 0,1,,,,,,I610
2004,02,4,1075 41211,M,01  11,W,08, 0,2,,,,,,I64 
2004,02,3,1077 41211,M,01  11,W,12, 0,1,,,,,,J690
2004,02,3,1079 41211,F,01  11,D,04, 0,1,,,,,,F03 
2004,02,2,1082 42221,F,02  32,D,14, 0,1,,,,,,A419
2004,01,3,1083 42221,M,01  11,M,07, 0,1,,,,,,R570
2004,02,1,1085 43231,F,01  11,W,17, 0,2,,,,,,K922
2004,02,2,1086 43231,F,01  11,W,12, 0,1,,,,,,I10 
2004,02,4,1091 44241,F,01  11,W,12, 0,2,,,,,,K566
2004,02,2,1093 44241,M,01  11,W,05, 0,2,,,,,,G309
2004,02,4,2001 12020,M,02  32,S,00, 0,2,,,,,,Q917
2004,02,1,1042 34140,M,01  11,S,12, 0,1,,,,,,K760
2004,02,2,1051 36160,M,01  11,S,12, 0,1,,,,,,B171
2004,02,4,1059 37170,M,01  11,D,04, 0,2,,,,,,W19 
2004,02,3,1073 40200,F,01  11,D,12, 0,1,,,,,,J449
2004,02,2,1073 40200,M,01  11,S,12, 0,1,,,,,,I250
2004,02,3,1074 40200,F,02  32,M,12, 0,1,,,,,,I251
2004,02,5,1074 40200,F,05  24,W,14, 0,1,,,,,,I10 
2004,02,4,1074 40200,M,01  11,W,12, 0,1,,,,,,I350
2004,02,4,1075 41211,F,01  11,D,13, 0,1,,,,,,N390
2004,01,2,1080 42221,M,01  11,S,12, 0,1,,,,,,I219
2004,02,3,1080 42221,M,01  11,M,10, 0,2,,,,,,J449
2004,02,6,1081 42221,F,01  11,W,12, 0,2,,,,,,E149
2004,02,5,1081 42221,M,01  11,M,12, 0,2,,,,,,C349
2004,02,4,1081 42221,M,02  32,W,12, 0,1,,,,,,I64 
2004,02,4,1092 44241,F,01  11,W,12, 0,1,,,,,,G309
2004,01,2,1098 45251,M,01  11,W,17, 0,2,,,,,,J189
2004,02,6,1048 35150,M,01  11,D,05, 0,1,,,,,,I429
2004,02,7,1047 35150,M,01  11,S,09, 0,1,,,,,,E785
2004,02,1,1049 35150,F,02  32,S,16, 0,2,,,,,,C509
2004,02,4,1021 30100,M,01  11,S,11, 0,2,,,,,,Y12 
2004,02,6,1022 30100,M,01  11,S,15, 0,1,,,,,,Y12 
2004,02,6,1033 32120,F,01  11,S,16, 0,1,,,,,,I639
2004,02,4,1034 32120,M,01  11,M,10, 0,1,,,,,,Y12 
2004,02,5,1044 34140,M,01  11,S,12, 0,1,,,,,,I251
2004,02,4,1045 35150,M,01  11,S,12, 0,1,,,,,,Y12 
2004,02,5,1054 36160,M,01  11,M,10, 0,1,,,,,,K746
2004,02,7,1056 37170,F,01  11,D,09, 0,1,,,,,,C189
2004,02,3,1056 37170,F,01  11,D,12, 0,1,,,,,,K829
2004,01,7,1057 37170,M,01  11,D,12, 0,2,,,,,,I219
2004,02,5,1064 38180,F,01  11,W,12, 0,2,,,,,,J80 
2004,02,7,1066 39190,M,01  11,M,16, 0,1,,,,,,I219
2004,02,4,1066 39190,F,01  11,S,12, 0,2,,,,,,C80 
2004,02,4,1069 39190,F,01  11,D,14, 0,1,,,,,,C349
2004,02,7,1070 40200,F,01  11,S,12, 0,2,,,,,,J449
2004,02,4,1070 40200,M,02  32,M,03, 0,1,,,,,,I219
2004,02,7,1071 40200,F,01  11,M,12, 0,2,,,,,,C509
2004,01,5,1072 40200,M,01  11,M,12, 0,1,,,,,,C61 
2004,02,7,1072 40200,M,01  11,D,16, 0,2,,,,,,K746
2004,02,1,1072 40200,M,01  11,M,17, 0,2,,,,,,I251
2004,02,7,1073 40200,M,01  11,M,08, 0,2,,,,,,A419
2004,02,2,1073 40200,M,02  32,W,11, 0,1,,,,,,C509
2004,02,3,1074 40200,F,01  11,W,12, 0,1,,,,,,I48 
2004,02,6,1075 41211,F,01  11,D,16, 0,2,,,,,,I219
2004,02,2,1078 41211,F,02  32,W,05, 0,1,,,,,,I251
2004,02,5,1079 41211,M,01  11,D,12, 0,2,,,,,,C349
2004,02,1,1079 41211,F,01  11,W,12, 0,2,,,,,,I251
2004,02,6,1079 41211,M,01  11,W,12, 0,2,,,,,,J439
2004,01,5,1079 41211,F,01  11,W,12, 0,2,,,,,,I251
2004,02,3,1079 41211,F,01  11,W,12, 0,2,,,,,,C56 
2004,02,7,1080 42221,F,01  11,D,16, 0,1,,,,,,I64 
2004,02,6,1081 42221,M,01  11,M,17, 0,2,,,,,,N179
2004,01,6,1081 42221,F,01  11,D,12, 0,3,,,,,,J189
2004,02,3,1082 42221,M,01  11,M,16, 0,1,,,,,,I693
2004,02,5,1085 43231,F,02  32,W,12, 0,1,,,,,,I251
2004,02,4,1085 43231,F,01  11,W,12, 0,1,,,,,,I698
2004,01,3,1087 43231,F,02  32,W,13, 0,1,,,,,,I119
2004,02,1,1090 44241,M,01  11,M,12, 0,1,,,,,,J841
2004,01,5,1090 44241,F,01  11,W,12, 0,1,,,,,,F03 
2004,02,7,1090 44241,M,01  11,W,09, 0,1,,,,,,I613
2004,02,6,1093 44241,F,01  11,W,12, 0,1,,,,,,I350
2004,02,7,1094 44241,M,01  11,W,14, 0,2,,,,,,F03 
2004,02,7,1094 44241,F,01  11,W,16, 0,1,,,,,,J189
2004,02,3,1043 34140,F,01  11,D,12, 0,2,,,,,,C920
2004,02,4,1052 36160,F,01  11,M,17, 0,2,,,,,,C859
2004,02,3,1072 40200,M,01  11,S,12, 0,2,,,,,,I500
2004,02,6,1078 41211,F,01  11,D,12, 0,1,,,,,,A419
2004,02,5,1081 42221,M,01  11,M,12, 0,2,,,,,,J449
2004,02,5,1083 42221,F,01  11,W,16, 0,2,,,,,,A419
2004,02,4,1088 43231,M,01  11,M,12, 0,1,,,,,,K228
2004,02,7,1092 44241,M,01  11,W,12, 0,2,,,,,,I694
2004,02,3,1093 44241,F,01  11,W,12, 0,1,,,,,,I251
2004,01,5,1076 41211,F,68  24,W,99, 0,2,,,,,,N19 
2004,02,6,1078 41211,M,01  11,W,12, 0,3,,,,,,R090
2004,02,5,1061 38180,M,01  11,D,12, 0,1,,,,,,K746
2004,02,4,1073 40200,M,01  11,M,12, 0,1,,,,,,I251
2004,02,5,1074 40200,M,01  11,M,12, 0,2,,,,,,I255
2004,02,4,1091 44241,M,01  11,M,17, 0,2,,,,,,I500
2004,02,6,1098 45251,F,01  11,W,17, 0,1,,,,,,I219
2004,02,2,1056 37170,F,68  24,M,12, 0,1,,,,,,C499
2004,02,6,2003 14020,F,01  11,S,00, 0,1,,,,,,R95 
2004,01,1,1034 32120,F,02  32,S,12, 0,1,,,,,,E149
2004,02,2,1038 33130,M,01  11,S,99, 0,2,,,,,,G809
2004,02,7,1050 36160,M,01  11,M,15, 0,2,,,,,,E722
2004,02,1,1052 36160,M,01  11,M,14, 0,2,,,,,,C859
2004,02,1,1055 37170,M,04  24,M,12, 0,2,,,,,,K729
2004,02,7,1058 37170,F,01  11,D,16, 0,2,,,,,,C798
2004,02,1,1062 38180,M,01  11,M,17, 0,1,,,,,,C349
2004,02,7,1067 39190,M,01  11,D,12, 0,1,,,,,,W10 
2004,01,6,1068 39190,F,01  11,S,99, 0,2,,,,,,I251
2004,02,1,1069 39190,M,01  11,M,12, 0,1,,,,,,K829
2004,02,2,1071 40200,M,01  11,M,17, 0,3,,,,,,C349
2004,02,7,1075 41211,M,01  11,D,12, 0,2,,,,,,I959
2004,02,2,1076 41211,F,01  11,W,12, 0,2,,,,,,E149
2004,02,1,1076 41211,M,01  11,M,16, 0,1,,,,,,I629
2004,02,1,1078 41211,M,01  11,M,11, 0,1,,,,,,I219
2004,02,1,1080 42221,F,01  11,M,12, 0,2,,,,,,I359
2004,02,5,1086 43231,F,01  11,W,12, 0,1,,,,,,I251
2004,02,5,1086 43231,F,01  11,W,11, 0,1,,,,,,I251
2004,02,1,1093 44241,F,01  11,W,14, 0,1,,,,,,G309
2004,02,1,1097 45251,F,01  11,W,12, 0,1,,,,,,I340
2004,02,1,1087 43231,M,01  11,W,10, 0,1,,,,,,F03 
2004,01,6,1039 33130,M,02  32,M,14, 0,1,,,,,,X95 
2004,01,2,1045 35150,F,02  32,M,12, 0,1,,,,,,I64 
2004,02,1,1049 35150,F,02  32,D,15, 0,1,,,,,,C509
2004,02,6,1055 37170,M,02  32,D,12, 0,1,,,,,,I829
2004,02,3,1058 37170,M,01  11,S,14, 0,3,,,,,,C444
2004,02,2,1059 37170,M,01  11,S,12, 0,2,,,,,,C859
2004,02,6,1061 38180,M,02  32,M,16, 0,1,,,,,,A419
2004,02,1,1064 38180,M,01  11,D,17, 0,1,,,,,,C159
2004,01,3,1067 39190,F,02  32,W,12, 0,1,,,,,,J449
2004,02,2,1068 39190,M,68  24,M,12, 0,2,,,,,,I691
2004,02,6,1069 39190,M,02  32,D,12, 0,1,,,,,,N19 
2004,02,7,1071 40200,M,02  32,M,12, 0,1,,,,,,J449
2004,02,2,1071 40200,M,04  24,M,17, 0,2,,,,,,C349
2004,02,7,1076 41211,M,02  32,M,12, 0,1,,,,,,I500
2004,02,3,1077 41211,F,01  11,S,14, 0,2,,,,,,I251
2004,02,1,1077 41211,F,01  11,W,14, 0,2,,,,,,I219
2004,02,2,1078 41211,F,01  11,W,12, 0,1,,,,,,C859
2004,02,1,1080 42221,F,01  11,M,05, 0,1,,,,,,C64 
2004,02,7,1080 42221,F,02  32,W,12, 0,1,,,,,,C221
2004,02,2,1081 42221,F,01  11,W,12, 0,1,,,,,,A419
2004,02,2,1082 42221,M,02  32,W,10, 0,1,,,,,,I64 
2004,02,3,1082 42221,M,01  11,M,12, 0,2,,,,,,J449
2004,02,7,1083 42221,F,01  11,S,06, 0,1,,,,,,N189
2004,02,3,1086 43231,F,01  11,W,12, 0,2,,,,,,I340
2004,02,3,1087 43231,F,01  11,W,12, 0,2,,,,,,I500
2004,02,2,1088 43231,F,01  11,W,12, 0,2,,,,,,I500
2004,02,5,1088 43231,F,01  11,W,12, 0,1,,,,,,G309
2004,02,7,1088 43231,M,01  11,W,16, 0,2,,,,,,A419
2004,02,2,1089 43231,F,01  11,M,08, 0,2,,,,,,A419
2004,02,2,1090 44241,F,01  11,W,12, 0,1,,,,,,F03 
2004,02,3,1095 45251,F,01  11,W,12, 0,1,,,,,,I694
2004,02,5,1097 45251,M,02  32,W,12, 0,1,,,,,,N390
2004,02,1,1097 45251,F,01  11,W,01, 0,1,,,,,,J439
2004,02,1,1099 45251,M,01  11,M,12, 0,2,,,,,,F03 
2004,02,2,1090 44241,F,04  24,W,08, 0,1,,,,,,J690
2004,02,3,1022 30100,M,01  11,S,12, 0,1,,,,,,Y12 
2004,02,2,1032 32120,F,02  32,S,12, 0,1,,,,,,M321
2004,02,3,1034 32120,F,02  32,M,17, 0,3,,,,,,C833
2004,02,6,1035 33130,F,02  32,S,12, 0,1,,,,,,X95 
2004,02,2,1055 37170,M,01  11,M,12, 0,1,,,,,,C349
2004,02,4,1058 37170,M,01  11,M,17, 0,1,,,,,,I250
2004,02,3,1057 37170,M,02  32,M,16, 0,1,,,,,,I469
2004,02,3,1067 39190,M,01  11,M,12, 0,1,,,,,,C859
2004,02,2,1069 39190,F,02  32,W,11, 0,1,,,,,,E149
2004,01,6,1074 40200,M,02  32,D,11, 0,1,,,,,,I250
2004,02,3,1079 41211,F,01  11,S,10, 0,2,,,,,,I251
2004,02,3,1080 42221,F,01  11,W,09, 0,2,,,,,,I219
2004,02,3,1083 42221,M,01  11,M,05, 0,1,,,,,,I64 
2004,02,2,1084 42221,M,01  11,M,17, 0,1,,,,,,F03 
2004,02,7,1086 43231,F,01  11,S,12, 0,2,,,,,,I219
2004,02,3,1086 43231,F,01  11,W,12, 0,2,,,,,,I269
2004,02,3,1086 43231,M,01  11,M,17, 0,2,,,,,,E889
2004,02,3,1091 44241,M,01  11,M,12, 0,2,,,,,,W18 
2004,02,3,1092 44241,F,01  11,W,12, 0,1,,,,,,I251
2004,02,3,1101 46261,F,01  11,W,16, 0,1,,,,,,C760
2004,02,1,1083 42221,F,01  11,W,12, 0,2,,,,,,J449
2004,02,3,1061 38180,M,01  11,S,12, 0,2,,,,,,X70 
2004,02,3,1091 44241,M,01  11,W,12, 0,2,,,,,,C851
2004,02,7,4005 07010,F,01  11,S,00, 0,2,,,,,,P292
2004,02,3,1032 32120,M,01  11,S,16, 0,2,,,,,,X74 
2004,02,3,1036 33130,F,01  11,M,15, 0,1,,,,,,C80 
2004,02,5,1044 34140,M,01  11,M,14, 0,3,,,,,,I500
2004,02,4,1046 35150,M,01  11,M,12, 0,2,,,,,,C910
2004,02,4,1050 36160,M,02  32,S,12, 0,1,,,,,,N180
2004,02,2,1050 36160,M,01  11,D,12, 0,1,,,,,,F101
2004,02,1,1057 37170,M,01  11,M,12, 0,2,,,,,,I219
2004,02,3,1058 37170,M,01  11,M,15, 0,2,,,,,,C349
2004,02,3,1065 39190,F,01  11,S,12, 0,2,,,,,,J449
2004,02,5,1068 39190,F,01  11,M,12, 0,2,,,,,,C920
2004,02,4,1071 40200,M,01  11,M,11, 0,2,,,,,,I500
2004,02,1,1073 40200,F,02  32,M,12, 0,1,,,,,,G309
2004,01,1,1075 41211,M,01  11,S,12, 0,1,,,,,,I251
2004,02,4,1076 41211,M,01  11,M,12, 0,1,,,,,,C329
2004,02,4,1076 41211,M,01  11,M,10, 0,3,,,,,,C349
2004,02,4,1076 41211,F,01  11,W,12, 0,2,,,,,,C56 
2004,02,4,1077 41211,M,01  11,S,12, 0,2,,,,,,I459
2004,02,5,1078 41211,F,04  24,W,12, 0,1,,,,,,I64 
2004,02,4,1079 41211,M,01  11,M,06, 0,1,,,,,,G122
2004,02,4,1086 43231,M,01  11,W,12, 0,1,,,,,,I219
2004,02,5,1090 44241,F,01  11,W,12, 0,1,,,,,,J841
2004,02,5,1091 44241,F,01  11,D,17, 0,2,,,,,,I64 
2004,02,4,1093 44241,M,01  11,W,16, 0,1,,,,,,G309
2004,02,3,1105 47261,F,01  11,W,12, 0,1,,,,,,I250
2004,02,5,1086 43231,F,01  11,W,12, 0,1,,,,,,N390
2004,02,7,1058 37170,F,01  11,W,12, 0,2,,,,,,W10 
2004,02,5,1086 43231,F,01  11,W,12, 0,1,,,,,,I272
2004,02,5,1082 42221,F,01  11,W,12, 0,2,,,,,,J449
2004,02,5,1078 41211,F,01  11,M,12, 0,2,,,,,,C349
2004,02,6,1076 41211,F,01  11,W,12, 0,2,,,,,,G931
2004,02,3,1073 40200,M,01  11,M,16, 0,2,,,,,,A419
2004,02,6,6030 01010,F,01  11,S,00, 0,2,,,,,,P021
2004,02,5,1097 45251,M,01  11,W,12, 0,2,,,,,,I219
2004,02,6,1047 35150,M,01  11,S,12, 0,2,,,,,,I429
2004,02,5,1075 41211,M,01  11,S,17, 0,1,,,,,,I219
2004,02,1,1085 43231,F,01  11,W,14, 0,2,,,,,,I251
2004,02,4,1084 42221,M,01  11,M,16, 0,2,,,,,,C900
2004,02,6,1071 40200,F,01  11,M,12, 0,2,,,,,,C920
2004,02,6,1039 33130,F,01  11,M,12, 0,2,,,,,,E781
2004,02,7,1092 44241,F,01  11,W,08, 0,2,,,,,,X59 
2004,02,6,1092 44241,F,01  11,D,14, 0,2,,,,,,G309
2004,02,6,1086 43231,F,01  11,W,12, 0,1,,,,,,K650
2004,02,6,1086 43231,F,01  11,D,12, 0,1,,,,,,I250
2004,02,6,1086 43231,M,01  11,M,09, 0,1,,,,,,L089
2004,02,5,1084 42221,M,01  11,M,16, 0,2,,,,,,I500
2004,02,6,1082 42221,F,01  11,M,12, 0,2,,,,,,J449
2004,02,7,1080 42221,F,01  11,S,10, 0,1,,,,,,G931
2004,02,4,1076 41211,M,01  11,M,16, 0,2,,,,,,I351
2004,02,7,1028 31110,M,01  11,S,14, 0,2,,,,,,E849
2004,02,7,1023 30100,M,01  11,S,17, 0,2,,,,,,X80 
2004,02,4,1034 32120,M,01  11,S,13, 0,2,,,,,,I420
2004,02,1,1043 34140,F,01  11,D,08, 0,2,,,,,,C859
2004,02,3,1046 35150,M,02  32,S,10, 0,1,,,,,,I219
2004,02,1,1055 37170,F,01  11,M,16, 0,2,,,,,,I739
2004,02,3,1056 37170,M,02  32,M,15, 0,1,,,,,,R042
2004,02,5,1058 37170,M,02  32,D,12, 0,1,,,,,,I250
2004,02,5,1058 37170,M,01  11,W,12, 0,2,,,,,,C349
2004,02,7,1058 37170,F,01  11,M,12, 0,2,,,,,,I251
2004,02,5,1059 37170,F,01  11,S,12, 0,1,,,,,,J459
2004,02,6,1061 38180,M,01  11,M,08, 0,2,,,,,,I219
